1 0 184 3
1 0 29 3
1 0 31 3
1 0 12 2
1 0 51 2
1 0 102 2
1 0 13 1
1 0 14 1
1 0 15 1
1 0 57 3
1 0 378 3
1 0 859 3
1 0 185 2
1 0 30 2
1 0 37 2
1 0 52 1
1 0 142 1
1 0 195 1
1 0 875 3
1 0 56 2
1 0 66 2
1 0 95 2
1 0 462 1
1 0 497 2
1 0 858 2
1 0 876 2
1 0 879 2
1 0 880 2
1 0 486 5
2 0 12 4
2 0 15 3
2 0 184 3
2 0 858 3
2 0 51 2
2 0 102 2
2 0 202 2
2 0 14 1
2 0 52 1
2 0 380 1
2 0 746 4
2 0 859 3
2 0 948 3
2 0 285 2
2 0 390 2
2 0 391 2
2 0 442 1
2 0 497 2
2 0 643 2
2 0 856 2
2 0 857 2
2 0 877 2
2 0 864 2
2 0 658 2
2 0 486 5
3 0 5 2
3 0 6 2
3 0 90 2
3 0 91 2
3 0 119 2
3 0 144 2
3 0 181 2
3 0 399 2
3 0 485 5
4 0 236 2
4 0 166 2
4 0 488 5
5 0 552 4
5 0 401 2
5 0 1297 2
5 0 1296 4
5 0 488 5
6 0 99 3
6 0 115 2
6 0 257 2
6 0 258 2
6 0 491 5
7 0 20 3
7 0 56 2
7 0 57 2
7 0 58 2
7 0 19 1
7 0 492 5
8 0 48 4
8 0 122 4
8 0 20 2
8 0 58 2
8 0 196 2
8 0 354 4
8 0 360 4
8 0 197 2
8 0 999 2
8 0 1112 2
8 0 1005 4
8 0 492 5
9 0 21 3
9 0 22 3
9 0 550 3
9 0 534 5
10 0 259 3
10 0 405 3
10 0 302 2
10 0 436 2
10 0 437 2
10 0 438 2
10 0 998 2
10 0 1011 2
10 0 493 5
11 0 27 2
11 0 28 2
11 0 262 2
11 0 160 1
11 0 20 1
11 0 263 2
11 0 654 1
11 0 495 5
12 0 86 3
12 0 194 3
12 0 650 3
12 0 649 1
12 0 652 3
12 0 624 5
13 0 64 3
13 0 265 3
13 0 65 1
13 0 311 1
13 0 496 5
14 0 64 4
14 0 65 1
14 0 496 5
15 0 463 4
15 0 462 2
15 0 497 5
16 0 266 3
16 0 106 2
16 0 196 2
16 0 498 5
17 0 106 3
17 0 196 2
17 0 498 5
18 0 196 3
18 0 197 3
18 0 198 3
18 0 498 5
19 0 32 3
19 0 67 3
19 0 164 3
19 0 639 2
19 0 715 2
19 0 716 2
19 0 719 1
19 0 1379 1
19 0 717 2
19 0 499 5
20 0 87 2
20 0 88 2
20 0 104 2
20 0 267 2
20 0 268 2
20 0 269 2
20 0 270 2
20 0 407 2
20 0 408 2
20 0 500 5
21 0 271 4
21 0 16 3
21 0 413 3
21 0 414 2
21 0 502 5
22 0 68 4
22 0 502 5
23 0 900 4
23 0 902 4
23 0 200 3
23 0 201 3
23 0 601 3
23 0 899 2
23 0 903 2
23 0 593 2
23 0 199 1
23 0 594 1
23 0 901 3
23 0 544 3
23 0 597 3
23 0 749 2
23 0 917 2
23 0 919 2
23 0 1333 1
23 0 634 3
23 0 687 3
23 0 698 3
23 0 1290 2
23 0 700 3
23 0 704 3
23 0 705 3
23 0 1109 3
23 0 1112 3
23 0 1141 3
23 0 1197 3
23 0 1256 3
23 0 1259 3
23 0 1272 3
23 0 1289 3
23 0 892 5
24 0 46 3
24 0 47 3
24 0 92 2
24 0 756 5
25 0 213 3
25 0 212 2
25 0 214 2
25 0 215 2
25 0 216 2
25 0 276 2
25 0 277 2
25 0 426 2
25 0 427 2
25 0 511 5
26 0 145 4
26 0 611 4
26 0 376 3
26 0 406 3
26 0 565 3
26 0 1076 3
26 0 511 5
27 0 224 3
27 0 278 2
27 0 428 2
27 0 512 5
28 0 224 2
28 0 279 2
28 0 512 5
29 0 250 3
29 0 514 3
29 0 609 3
29 0 225 2
29 0 793 2
29 0 464 1
29 0 465 1
29 0 612 3
29 0 466 1
29 0 513 5
30 0 225 3
30 0 464 3
30 0 514 3
30 0 466 2
30 0 609 2
30 0 612 2
30 0 793 1
30 0 513 5
31 0 776 1
31 0 751 5
32 0 465 3
32 0 249 2
32 0 777 2
32 0 778 2
32 0 247 1
32 0 250 1
32 0 752 5
33 0 252 2
33 0 431 2
33 0 141 1
33 0 516 5
34 0 252 4
34 0 431 2
34 0 672 2
34 0 714 2
34 0 799 2
34 0 800 2
34 0 516 5
35 0 166 4
35 0 167 4
35 0 132 2
35 0 517 5
36 0 169 3
36 0 168 2
36 0 518 5
37 0 173 3
37 0 188 3
37 0 172 2
37 0 97 2
37 0 121 2
37 0 187 2
37 0 242 2
37 0 409 2
37 0 487 2
37 0 519 5
38 0 24 3
38 0 283 3
38 0 552 3
38 0 272 2
38 0 557 1
38 0 558 1
38 0 553 3
38 0 554 3
38 0 555 3
38 0 556 3
38 0 536 5
39 0 272 4
39 0 555 4
39 0 24 3
39 0 283 3
39 0 552 3
39 0 79 2
39 0 207 2
39 0 418 2
39 0 557 1
39 0 554 3
39 0 556 3
39 0 505 2
39 0 1257 2
39 0 536 5
40 0 24 3
40 0 283 3
40 0 552 3
40 0 272 2
40 0 85 
40 0 976 2
40 0 557 1
40 0 558 1
40 0 553 3
40 0 554 3
40 0 555 3
40 0 556 3
40 0 536 5
41 0 288 4
41 0 289 4
41 0 433 3
41 0 520 5
42 0 468 3
42 0 467 2
42 0 469 2
42 0 470 2
42 0 775 1
42 0 521 5
43 0 467 4
43 0 468 4
43 0 39 2
43 0 503 2
43 0 775 2
43 0 469 4
43 0 521 5
44 0 302 2
44 0 436 2
44 0 437 1
44 0 524 5
45 0 305 3
45 0 570 3
45 0 308 2
45 0 481 2
45 0 338 2
45 0 1226 1
45 0 1355 1
45 0 1185 2
45 0 629 2
45 0 663 2
45 0 798 2
45 0 572 2
45 0 525 5
46 0 305 3
46 0 338 2
46 0 344 2
46 0 481 2
46 0 84 1
46 0 123 1
46 0 1185 1
46 0 623 2
46 0 570 2
46 0 798 2
46 0 1226 1
46 0 629 1
46 0 663 1
46 0 572 1
46 0 1355 1
46 0 525 5
47 0 304 3
47 0 306 3
47 0 307 3
47 0 305 2
47 0 629 2
47 0 663 2
47 0 308 1
47 0 309 3
47 0 310 3
47 0 570 3
47 0 798 2
47 0 1185 2
47 0 1355 2
47 0 572 3
47 0 525 5
48 0 439 3
48 0 311 2
48 0 316 2
48 0 440 2
48 0 187 1
48 0 314 1
48 0 315 1
48 0 797 2
48 0 798 2
48 0 794 1
48 0 265 1
48 0 526 5
49 0 320 2
49 0 478 1
49 0 527 5
50 0 326 3
50 0 629 3
50 0 21 1
50 0 94 1
50 0 22 1
50 0 306 1
50 0 528 5
51 0 94 4
51 0 23 3
51 0 105 3
51 0 381 3
51 0 192 2
51 0 326 1
51 0 63 1
51 0 494 3
51 0 629 3
51 0 261 1
51 0 528 5
52 0 21 3
52 0 22 3
52 0 306 3
52 0 326 1
52 0 528 5
53 0 296 2
53 0 33 2
53 0 446 1
53 0 447 1
53 0 448 1
53 0 449 1
53 0 208 1
53 0 297 1
53 0 298 1
53 0 299 1
53 0 531 5
54 0 84 3
54 0 24 2
54 0 101 2
54 0 294 2
54 0 628 1
54 0 661 1
54 0 364 2
54 0 365 2
54 0 560 2
54 0 123 5
55 0 16 3
55 0 375 3
55 0 460 3
55 0 378 2
55 0 255 2
55 0 271 2
55 0 376 1
55 0 377 1
55 0 562 3
55 0 502 2
55 0 538 5
56 0 380 3
56 0 749 2
56 0 1339 2
56 0 14 1
56 0 705 1
56 0 779 1
56 0 780 1
56 0 379 1
56 0 643 1
56 0 686 1
56 0 753 5
57 0 380 3
57 0 593 2
57 0 746 2
57 0 914 2
57 0 14 1
57 0 379 1
57 0 705 1
57 0 779 1
57 0 780 1
57 0 704 1
57 0 12 1
57 0 15 1
57 0 857 1
57 0 859 1
57 0 753 5
58 0 788 3
58 0 785 2
58 0 786 2
58 0 787 2
58 0 23 1
58 0 381 1
58 0 382 1
58 0 784 1
58 0 789 1
58 0 754 5
59 0 788 3
59 0 785 2
59 0 786 2
59 0 787 2
59 0 754 5
60 0 475 3
60 0 476 2
60 0 527 2
60 0 320 1
60 0 478 1
60 0 322 5
61 0 565 3
61 0 566 3
61 0 564 2
61 0 1159 2
61 0 661 1
61 0 539 5
62 0 566 4
62 0 567 3
62 0 1084 3
62 0 1078 2
62 0 1081 2
62 0 539 5
63 0 567 4
63 0 564 2
63 0 566 2
63 0 539 5
64 0 390 4
64 0 391 3
64 0 627 5
65 0 2 3
65 0 3 3
65 0 128 3
65 0 180 2
65 0 323 2
65 0 324 2
65 0 418 1
65 0 664 3
65 0 629 3
65 0 393 2
65 0 394 2
65 0 659 2
65 0 4 2
65 0 384 2
65 0 1302 2
65 0 388 5
66 0 664 3
66 0 629 3
66 0 180 2
66 0 659 2
66 0 660 2
66 0 388 5
67 0 2 4
67 0 3 4
67 0 664 3
67 0 629 3
67 0 323 2
67 0 324 2
67 0 393 2
67 0 128 4
67 0 180 4
67 0 394 2
67 0 659 2
67 0 389 2
67 0 4 2
67 0 1302 2
67 0 388 5
68 0 662 3
68 0 101 2
68 0 460 2
68 0 661 2
68 0 62 2
68 0 628 5
69 0 458 3
69 0 570 3
69 0 977 2
69 0 62 2
69 0 336 1
69 0 540 5
70 0 333 4
70 0 568 3
70 0 570 3
70 0 62 3
70 0 101 2
70 0 283 2
70 0 565 2
70 0 24 1
70 0 977 2
70 0 307 2
70 0 540 5
71 0 569 4
71 0 571 4
71 0 1355 3
71 0 101 2
71 0 655 2
71 0 1213 2
71 0 798 1
71 0 572 4
71 0 540 5
72 0 21 3
72 0 324 3
72 0 630 3
72 0 94 2
72 0 664 2
72 0 304 2
72 0 128 1
72 0 323 1
72 0 663 1
72 0 570 2
72 0 494 2
72 0 305 1
72 0 309 1
72 0 571 1
72 0 655 1
72 0 388 1
72 0 62 1
72 0 629 5
73 0 332 3
73 0 572 3
73 0 578 3
73 0 573 2
73 0 574 2
73 0 421 2
73 0 25 1
73 0 317 1
73 0 577 1
73 0 401 3
73 0 625 3
73 0 160 2
73 0 1213 2
73 0 1304 2
73 0 1198 1
73 0 655 1
73 0 1355 1
73 0 68 2
73 0 571 2
73 0 1252 2
73 0 541 5
74 0 576 3
74 0 656 3
74 0 575 2
74 0 317 1
74 0 574 1
74 0 578 1
74 0 541 5
75 0 667 3
75 0 324 2
75 0 378 2
75 0 666 2
75 0 670 2
75 0 630 5
76 0 378 3
76 0 667 3
76 0 324 2
76 0 666 2
76 0 670 2
76 0 1391 2
76 0 329 2
76 0 630 5
77 0 668 3
77 0 666 2
77 0 667 2
77 0 670 2
77 0 329 1
77 0 1391 1
77 0 630 5
78 0 588 3
78 0 589 2
78 0 590 2
78 0 543 5
79 0 597 2
79 0 598 2
79 0 688 1
79 0 708 1
79 0 713 1
79 0 544 5
80 0 594 4
80 0 597 4
80 0 596 2
80 0 598 2
80 0 544 5
81 0 672 4
81 0 799 1
81 0 631 5
82 0 676 3
82 0 677 3
82 0 678 2
82 0 679 2
82 0 205 2
82 0 632 5
83 0 680 3
83 0 681 3
83 0 682 3
83 0 683 3
83 0 633 5
84 0 606 3
84 0 406 3
84 0 608 2
84 0 142 2
84 0 294 2
84 0 354 1
84 0 522 1
84 0 962 2
84 0 1192 2
84 0 1213 2
84 0 873 1
84 0 546 5
85 0 608 4
85 0 406 3
85 0 606 2
85 0 710 2
85 0 546 5
86 0 594 2
86 0 790 2
86 0 755 5
87 0 606 3
87 0 611 3
87 0 562 2
87 0 50 1
87 0 236 1
87 0 609 1
87 0 612 1
87 0 406 1
87 0 547 5
88 0 613 3
88 0 614 3
88 0 615 3
88 0 616 2
88 0 617 2
88 0 618 1
88 0 548 5
89 0 793 3
89 0 794 3
89 0 797 2
89 0 795 1
89 0 796 1
89 0 420 1
89 0 757 5
90 0 794 3
90 0 797 3
90 0 798 3
90 0 793 2
90 0 796 2
90 0 291 2
90 0 800 1
90 0 1187 1
90 0 256 3
90 0 311 2
90 0 335 2
90 0 1364 2
90 0 1367 1
90 0 757 5
91 0 252 3
91 0 801 3
91 0 797 2
91 0 799 2
91 0 800 2
91 0 793 1
91 0 794 1
91 0 1154 2
91 0 672 1
91 0 757 5
92 0 802 3
92 0 